節氣	西元	月	日	時	分	秒
小寒	2021	1	5	11	23	12
大寒	2021	1	20	4	39	38
立春	2021	2	3	22	58	34
雨水	2021	2	18	18	43	44
驚蟄	2021	3	5	16	53	27
春分	2021	3	20	17	37	15
清明	2021	4	4	21	34	52
榖雨	2021	4	20	4	33	10
立夏	2021	5	5	14	46	56
小滿	2021	5	21	3	36	53
芒種	2021	6	5	18	51	52
夏至	2021	6	21	11	31	55
小暑	2021	7	7	5	5	14
大暑	2021	7	22	22	26	11
立秋	2021	8	7	14	53	44
處暑	2021	8	23	5	34	44
白露	2021	9	7	17	52	42
秋分	2021	9	23	3	20	51
寒露	2021	10	8	9	38	47
霜降	2021	10	23	12	50	55
立冬	2021	11	7	12	58	31
小雪	2021	11	22	10	33	29
大雪	2021	12	7	5	56	49
冬至	2021	12	21	23	59	3
小寒	2022	1	5	17	13	49
大寒	2022	1	20	10	38	52
立春	2022	2	4	4	50	33
雨水	2022	2	19	0	42	46
驚蟄	2022	3	5	22	43	30
春分	2022	3	20	23	33	10
清明	2022	4	5	3	19	59
榖雨	2022	4	20	10	24	1
立夏	2022	5	5	20	25	42
小滿	2022	5	21	9	22	19
芒種	2022	6	6	0	25	33
夏至	2022	6	21	17	13	35
小暑	2022	7	7	10	37	45
大暑	2022	7	23	4	6	44
立秋	2022	8	7	20	28	54
處暑	2022	8	23	11	15	54
白露	2022	9	7	23	32	2
秋分	2022	9	23	9	3	26
寒露	2022	10	8	15	22	11
霜降	2022	10	23	18	35	26
立冬	2022	11	7	18	45	13
小雪	2022	11	22	16	20	13
大雪	2022	12	7	11	46	0
冬至	2022	12	22	5	47	57
小寒	2023	1	5	23	4	35
大寒	2023	1	20	16	29	18
立春	2023	2	4	10	42	17
雨水	2023	2	19	6	34	2
驚蟄	2023	3	6	4	35	58
春分	2023	3	21	5	24	10
清明	2023	4	5	9	12	47
榖雨	2023	4	20	16	13	21
立夏	2023	5	6	2	18	29
小滿	2023	5	21	15	8	55
芒種	2023	6	6	6	18	5
夏至	2023	6	21	22	57	33
小暑	2023	7	7	16	30	25
大暑	2023	7	23	9	50	11
立秋	2023	8	8	2	22	36
處暑	2023	8	23	17	1	2
白露	2023	9	8	5	26	25
秋分	2023	9	23	14	49	42
寒露	2023	10	8	21	15	18
霜降	2023	10	24	0	20	35
立冬	2023	11	8	0	35	19
小雪	2023	11	22	22	2	25
大雪	2023	12	7	17	32	40
冬至	2023	12	22	11	27	5
小寒	2024	1	6	4	49	5
大寒	2024	1	20	22	7	3
立春	2024	2	4	16	26	50
雨水	2024	2	19	12	12	53
驚蟄	2024	3	5	10	22	29
春分	2024	3	20	11	6	7
清明	2024	4	4	15	2	0
榖雨	2024	4	19	21	59	28
立夏	2024	5	5	8	9	47
小滿	2024	5	20	20	59	13
芒種	2024	6	5	12	9	36
夏至	2024	6	21	4	50	42
小暑	2024	7	6	22	19	45
大暑	2024	7	22	15	44	7
立秋	2024	8	7	8	8	58
處暑	2024	8	22	22	54	45
白露	2024	9	7	11	11	2
秋分	2024	9	22	20	43	21
寒露	2024	10	8	2	59	39
霜降	2024	10	23	6	14	26
立冬	2024	11	7	6	19	46
小雪	2024	11	22	3	56	11
大雪	2024	12	6	23	16	44
冬至	2024	12	21	17	20	16
小寒	2025	1	5	10	32	28
大寒	2025	1	20	3	59	49
立春	2025	2	3	22	10	9
雨水	2025	2	18	18	6	16
驚蟄	2025	3	5	16	6	57
春分	2025	3	20	17	1	10
清明	2025	4	4	20	48	15
榖雨	2025	4	20	3	55	42
立夏	2025	5	5	13	56	52
小滿	2025	5	21	2	54	19
芒種	2025	6	5	17	56	12
夏至	2025	6	21	10	41	56
小暑	2025	7	7	4	4	40
大暑	2025	7	22	21	29	8
立秋	2025	8	7	13	51	15
處暑	2025	8	23	4	33	32
白露	2025	9	7	16	51	37
秋分	2025	9	23	2	19	1
寒露	2025	10	8	8	40	52
霜降	2025	10	23	11	50	36
立冬	2025	11	7	12	3	43
小雪	2025	11	22	9	35	15
大雪	2025	12	7	5	4	15
冬至	2025	12	21	23	2	45
小寒	2026	1	5	16	22	50
大寒	2026	1	20	9	44	36
立春	2026	2	4	4	1	48
雨水	2026	2	18	23	51	35
驚蟄	2026	3	5	21	58	39
春分	2026	3	20	22	45	37
清明	2026	4	5	2	39	39
榖雨	2026	4	20	9	38	46
立夏	2026	5	5	19	48	23
小滿	2026	5	21	8	36	24
芒種	2026	6	5	23	48	1
夏至	2026	6	21	16	24	10
小暑	2026	7	7	9	56	37
大暑	2026	7	23	3	12	44
立秋	2026	8	7	19	42	24
處暑	2026	8	23	10	18	27
白露	2026	9	7	22	40	56
秋分	2026	9	23	8	4	52
寒露	2026	10	8	14	28	56
霜降	2026	10	23	17	37	35
立冬	2026	11	7	17	51	43
小雪	2026	11	22	15	23	0
大雪	2026	12	7	10	52	10
冬至	2026	12	22	4	49	53
小寒	2027	1	5	22	9	37
大寒	2027	1	20	15	29	30
立春	2027	2	4	9	45	57
雨水	2027	2	19	5	33	7
驚蟄	2027	3	6	3	39	10
春分	2027	3	21	4	24	20
清明	2027	4	5	8	17	8
榖雨	2027	4	20	15	17	16
立夏	2027	5	6	1	24	50
小滿	2027	5	21	14	17	53
芒種	2027	6	6	5	25	26
夏至	2027	6	21	22	10	28
小暑	2027	7	7	15	36	42
大暑	2027	7	23	9	4	18
立秋	2027	8	8	1	26	24
處暑	2027	8	23	16	13	57
白露	2027	9	8	4	28	4
秋分	2027	9	23	14	1	21
寒露	2027	10	8	20	16	42
霜降	2027	10	23	23	32	30
立冬	2027	11	7	23	38	11
小雪	2027	11	22	21	15	51
大雪	2027	12	7	16	37	18
冬至	2027	12	22	10	41	47
小寒	2028	1	6	3	54	16
大寒	2028	1	20	21	21	33
立春	2028	2	4	15	30	52
雨水	2028	2	19	11	25	39
驚蟄	2028	3	5	9	24	26
春分	2028	3	20	10	16	46
清明	2028	4	4	14	2	42
榖雨	2028	4	19	21	9	6
立夏	2028	5	5	7	11	48
小滿	2028	5	20	20	9	25
芒種	2028	6	5	11	15	37
夏至	2028	6	21	4	1	37
小暑	2028	7	6	21	29	55
大暑	2028	7	22	14	53	36
立秋	2028	8	7	7	20	46
處暑	2028	8	22	22	0	32
白露	2028	9	7	10	21	45
秋分	2028	9	22	19	44	55
寒露	2028	10	8	2	8	7
霜降	2028	10	23	5	12	59
立冬	2028	11	7	5	26	52
小雪	2028	11	22	2	53	59
大雪	2028	12	6	22	24	16
冬至	2028	12	21	16	19	16
小寒	2029	1	5	9	41	31
大寒	2029	1	20	3	0	29
立春	2029	2	3	21	20	22
雨水	2029	2	18	17	7	32
驚蟄	2029	3	5	15	17	12
春分	2029	3	20	16	1	35
清明	2029	4	4	19	57	58
榖雨	2029	4	20	2	55	18
立夏	2029	5	5	13	7	21
小滿	2029	5	21	1	55	28
芒種	2029	6	5	17	9	34
夏至	2029	6	21	9	47	53
小暑	2029	7	7	3	22	0
大暑	2029	7	22	20	41	41
立秋	2029	8	7	13	11	20
處暑	2029	8	23	3	51	12
白露	2029	9	7	16	11	28
秋分	2029	9	23	1	38	5
寒露	2029	10	8	7	57	42
霜降	2029	10	23	11	7	43
立冬	2029	11	7	11	16	20
小雪	2029	11	22	8	48	58
大雪	2029	12	7	4	13	23
冬至	2029	12	21	22	13	41
小寒	2030	1	5	15	30	9
大寒	2030	1	20	8	53	58
立春	2030	2	4	3	8	3
雨水	2030	2	18	22	59	31
驚蟄	2030	3	5	21	2	53
春分	2030	3	20	21	51	40
清明	2030	4	5	1	40	35
榖雨	2030	4	20	8	43	10
立夏	2030	5	5	18	45	53
小滿	2030	5	21	7	40	40
芒種	2030	6	5	22	44	4
夏至	2030	6	21	15	30	53
小暑	2030	7	7	8	55	3
大暑	2030	7	23	2	24	28
立秋	2030	8	7	18	46	54
處暑	2030	8	23	9	35	58
白露	2030	9	7	21	52	24
秋分	2030	9	23	7	26	27
寒露	2030	10	8	13	44	50
霜降	2030	10	23	17	0	8
立冬	2030	11	7	17	8	18
小雪	2030	11	22	14	44	10
大雪	2030	12	7	10	7	11
冬至	2030	12	22	4	9	12
小寒	2031	1	5	21	22	42
大寒	2031	1	20	14	47	32
立春	2031	2	4	8	57	52
雨水	2031	2	19	4	50	29
驚蟄	2031	3	6	2	50	35
春分	2031	3	21	3	40	32
清明	2031	4	5	7	27	56
榖雨	2031	4	20	14	30	47
立夏	2031	5	6	0	34	44
小滿	2031	5	21	13	27	28
芒種	2031	6	6	4	35	14
夏至	2031	6	21	21	16	41
小暑	2031	7	7	14	48	24
大暑	2031	7	23	8	10	1
立秋	2031	8	8	0	42	29
處暑	2031	8	23	15	22	52
白露	2031	9	8	3	49	42
秋分	2031	9	23	13	14	51
寒露	2031	10	8	19	42	30
霜降	2031	10	23	22	49	0
立冬	2031	11	7	23	5	13
小雪	2031	11	22	20	32	10
大雪	2031	12	7	16	2	26
冬至	2031	12	22	9	55	6
小寒	2032	1	6	3	15	38
大寒	2032	1	20	20	30	50
立春	2032	2	4	14	48	29
雨水	2032	2	19	10	31	45
驚蟄	2032	3	5	8	39	45
春分	2032	3	20	9	21	26
清明	2032	4	4	13	17	8
榖雨	2032	4	19	20	13	40
立夏	2032	5	5	6	25	24
小滿	2032	5	20	19	14	32
芒種	2032	6	5	10	27	31
夏至	2032	6	21	3	8	18
小暑	2032	7	6	20	40	26
大暑	2032	7	22	14	4	16
立秋	2032	8	7	6	32	14
處暑	2032	8	22	21	17	52
白露	2032	9	7	9	37	25
秋分	2032	9	22	19	10	24
寒露	2032	10	8	1	29	55
霜降	2032	10	23	4	45	45
立冬	2032	11	7	4	53	47
小雪	2032	11	22	2	30	43
大雪	2032	12	6	21	52	51
冬至	2032	12	21	15	55	28
小寒	2033	1	5	9	7	38
大寒	2033	1	20	2	32	18
立春	2033	2	3	20	41	7
雨水	2033	2	18	16	33	20
驚蟄	2033	3	5	14	31	51
春分	2033	3	20	15	22	14
清明	2033	4	4	19	7	38
榖雨	2033	4	20	2	12	38
立夏	2033	5	5	12	13	17
小滿	2033	5	21	1	10	29
芒種	2033	6	5	16	12	57
夏至	2033	6	21	9	0	39
小暑	2033	7	7	2	24	28
大暑	2033	7	22	19	52	19
立秋	2033	8	7	12	15	15
處暑	2033	8	23	3	1	21
白露	2033	9	7	15	19	52
秋分	2033	9	23	0	51	11
寒露	2033	10	8	7	13	26
霜降	2033	10	23	10	27	7
立冬	2033	11	7	10	40	35
小雪	2033	11	22	8	15	40
大雪	2033	12	7	3	44	26
冬至	2033	12	21	21	45	30
小寒	2034	1	5	15	4	1
大寒	2034	1	20	8	26	47
立春	2034	2	4	2	40	40
雨水	2034	2	18	22	29	41
驚蟄	2034	3	5	20	31	53
春分	2034	3	20	21	17	0
清明	2034	4	5	1	5	44
榖雨	2034	4	20	8	3	13
立夏	2034	5	5	18	8	39
小滿	2034	5	21	6	56	23
芒種	2034	6	5	22	6	10
夏至	2034	6	21	14	43	41
小暑	2034	7	7	8	17	7
大暑	2034	7	23	1	35	50
立秋	2034	8	7	18	8	35
處暑	2034	8	23	8	47	15
白露	2034	9	7	21	13	29
秋分	2034	9	23	6	39	3
寒露	2034	10	8	13	6	36
霜降	2034	10	23	16	15	56
立冬	2034	11	7	16	33	9
小雪	2034	11	22	14	4	27
大雪	2034	12	7	9	36	18
冬至	2034	12	22	3	33	29
小寒	2035	1	5	20	55	12
大寒	2035	1	20	14	13	45
立春	2035	2	4	8	31	3
雨水	2035	2	19	4	15	39
驚蟄	2035	3	6	2	21	7
春分	2035	3	21	3	2	12
清明	2035	4	5	6	53	20
榖雨	2035	4	20	13	48	28
立夏	2035	5	5	23	54	25
小滿	2035	5	21	12	42	56
芒種	2035	6	6	3	50	18
夏至	2035	6	21	20	32	36
小暑	2035	7	7	14	0	38
大暑	2035	7	23	7	28	9
立秋	2035	8	7	23	53	49
處暑	2035	8	23	14	43	38
白露	2035	9	8	3	1	58
秋分	2035	9	23	12	38	24
寒露	2035	10	8	18	57	8
霜降	2035	10	23	22	15	37
立冬	2035	11	7	22	23	18
小雪	2035	11	22	20	2	40
大雪	2035	12	7	15	24	58
冬至	2035	12	22	9	30	20
小寒	2036	1	6	2	42	58
大寒	2036	1	20	20	10	30
立春	2036	2	4	14	19	23
雨水	2036	2	19	10	13	45
驚蟄	2036	3	5	8	11	17
春分	2036	3	20	9	2	17
清明	2036	4	4	12	45	43
榖雨	2036	4	19	19	49	57
立夏	2036	5	5	5	48	51
小滿	2036	5	20	18	44	20
芒種	2036	6	5	9	46	27
夏至	2036	6	21	2	31	41
小暑	2036	7	6	19	56	59
大暑	2036	7	22	13	22	7
立秋	2036	8	7	5	48	22
處暑	2036	8	22	20	31	51
白露	2036	9	7	8	54	25
秋分	2036	9	22	18	22	46
寒露	2036	10	8	0	48	24
霜降	2036	10	23	3	58	17
立冬	2036	11	7	4	14	5
小雪	2036	11	22	1	44	44
大雪	2036	12	6	21	15	28
冬至	2036	12	21	15	12	19
小寒	2037	1	5	8	33	30
大寒	2037	1	20	1	53	11
立春	2037	2	3	20	11	4
雨水	2037	2	18	15	58	21
驚蟄	2037	3	5	14	5	37
春分	2037	3	20	14	49	42
清明	2037	4	4	18	43	28
榖雨	2037	4	20	1	39	45
立夏	2037	5	5	11	48	54
小滿	2037	5	21	0	34	54
芒種	2037	6	5	15	46	17
夏至	2037	6	21	8	21	52
小暑	2037	7	7	1	54	35
大暑	2037	7	22	19	12	2
立秋	2037	8	7	11	42	28
處暑	2037	8	23	2	21	27
白露	2037	9	7	14	45	0
秋分	2037	9	23	0	12	31
寒露	2037	10	8	6	37	16
霜降	2037	10	23	9	49	18
立冬	2037	11	7	10	3	30
小雪	2037	11	22	7	37	49
大雪	2037	12	7	3	6	43
冬至	2037	12	21	21	7	10
小寒	2038	1	5	14	26	14
大寒	2038	1	20	7	48	17
立春	2038	2	4	2	3	13
雨水	2038	2	18	21	51	33
驚蟄	2038	3	5	19	54	55
春分	2038	3	20	20	40	3
清明	2038	4	5	0	28	53
榖雨	2038	4	20	7	27	57
立夏	2038	5	5	17	30	37
小滿	2038	5	21	6	22	7
芒種	2038	6	5	21	25	3
夏至	2038	6	21	14	8	48
小暑	2038	7	7	7	31	56
大暑	2038	7	23	0	59	19
立秋	2038	8	7	17	20	43
處暑	2038	8	23	8	9	33
白露	2038	9	7	20	25	42
秋分	2038	9	23	6	1	41
寒露	2038	10	8	12	21	0
霜降	2038	10	23	15	40	6
立冬	2038	11	7	15	50	16
小雪	2038	11	22	13	30	44
大雪	2038	12	7	8	55	47
冬至	2038	12	22	3	1	44
小寒	2039	1	5	20	16	4
大寒	2039	1	20	13	43	5
立春	2039	2	4	7	52	19
雨水	2039	2	19	3	45	9
驚蟄	2039	3	6	1	42	27
春分	2039	3	21	2	31	26
清明	2039	4	5	6	15	12
榖雨	2039	4	20	13	17	11
立夏	2039	5	5	23	17	33
小滿	2039	5	21	12	10	17
芒種	2039	6	6	3	14	53
夏至	2039	6	21	19	56	49
小暑	2039	7	7	13	25	33
大暑	2039	7	23	6	47	34
立秋	2039	8	7	23	17	29
處暑	2039	8	23	13	58	3
白露	2039	9	8	2	23	26
秋分	2039	9	23	11	49	0
寒露	2039	10	8	18	16	41
霜降	2039	10	23	21	24	27
立冬	2039	11	7	21	42	18
小雪	2039	11	22	19	11	35
大雪	2039	12	7	14	44	29
冬至	2039	12	22	8	39	59
小寒	2040	1	6	2	2	59
大寒	2040	1	20	19	20	26
立春	2040	2	4	13	39	16
雨水	2040	2	19	9	23	12
驚蟄	2040	3	5	7	30	37
春分	2040	3	20	8	11	5
清明	2040	4	4	12	4	54
榖雨	2040	4	19	18	58	57
立夏	2040	5	5	5	8	44
小滿	2040	5	20	17	55	7
芒種	2040	6	5	9	7	25
夏至	2040	6	21	1	45	46
小暑	2040	7	6	19	18	37
大暑	2040	7	22	12	40	12
立秋	2040	8	7	5	9	26
處暑	2040	8	22	19	52	42
白露	2040	9	7	8	13	29
秋分	2040	9	22	17	44	17
寒露	2040	10	8	0	4	54
霜降	2040	10	23	3	19	7
立冬	2040	11	7	3	28	40
小雪	2040	11	22	1	4	53
大雪	2040	12	6	20	29	25
冬至	2040	12	21	14	32	13
小寒	2041	1	5	7	47	30
大寒	2041	1	20	1	12	40
立春	2041	2	3	19	24	31
雨水	2041	2	18	15	16	39
驚蟄	2041	3	5	13	17	12
春分	2041	3	20	14	6	11
清明	2041	4	4	17	51	58
榖雨	2041	4	20	0	54	18
立夏	2041	5	5	10	53	52
小滿	2041	5	20	23	48	12
芒種	2041	6	5	14	49	8
夏至	2041	6	21	7	35	14
小暑	2041	7	7	0	57	52
大暑	2041	7	22	18	26	2
立秋	2041	8	7	10	48	3
處暑	2041	8	23	1	35	37
白露	2041	9	7	13	52	56
秋分	2041	9	22	23	25	55
寒露	2041	10	8	5	46	20
霜降	2041	10	23	9	1	19
立冬	2041	11	7	9	12	28
小雪	2041	11	22	6	48	40
大雪	2041	12	7	2	15	9
冬至	2041	12	21	20	17	41
小寒	2042	1	5	13	34	30
大寒	2042	1	20	6	59	25
立春	2042	2	4	1	12	13
雨水	2042	2	18	21	3	51
驚蟄	2042	3	5	19	5	9
春分	2042	3	20	19	52	40
清明	2042	4	4	23	40	0
榖雨	2042	4	20	6	39	7
立夏	2042	5	5	16	42	11
小滿	2042	5	21	5	30	36
芒種	2042	6	5	20	37	34
夏至	2042	6	21	13	15	11
小暑	2042	7	7	6	46	38
大暑	2042	7	23	0	5	41
立秋	2042	8	7	16	38	9
處暑	2042	8	23	7	17	28
白露	2042	9	7	19	44	48
秋分	2042	9	23	5	10	54
寒露	2042	10	8	11	39	54
霜降	2042	10	23	14	48	54
立冬	2042	11	7	15	6	59
小雪	2042	11	22	12	36	43
大雪	2042	12	7	8	8	34
冬至	2042	12	22	2	3	25
小寒	2043	1	5	19	24	42
大寒	2043	1	20	12	40	56
立春	2043	2	4	6	58	7
雨水	2043	2	19	2	41	1
驚蟄	2043	3	6	0	47	8
春分	2043	3	21	1	27	8
清明	2043	4	5	5	19	36
榖雨	2043	4	20	12	13	47
立夏	2043	5	5	22	21	24
小滿	2043	5	21	11	8	29
芒種	2043	6	6	2	17	30
夏至	2043	6	21	18	57	42
小暑	2043	7	7	12	27	11
大暑	2043	7	23	5	52	47
立秋	2043	8	7	22	20	6
處暑	2043	8	23	13	9	7
白露	2043	9	8	1	29	31
秋分	2043	9	23	11	6	16
寒露	2043	10	8	17	27	3
霜降	2043	10	23	20	46	8
立冬	2043	11	7	20	55	10
小雪	2043	11	22	18	34	23
大雪	2043	12	7	13	56	42
冬至	2043	12	22	8	0	34
小寒	2044	1	6	1	11	51
大寒	2044	1	20	18	36	46
立春	2044	2	4	12	43	37
雨水	2044	2	19	8	35	8
驚蟄	2044	3	5	6	30	55
春分	2044	3	20	7	19	53
清明	2044	4	4	11	2	24
榖雨	2044	4	19	18	6	3
立夏	2044	5	5	4	4	47
小滿	2044	5	20	17	1	12
芒種	2044	6	5	8	3	19
夏至	2044	6	21	0	50	28
小暑	2044	7	6	18	15	14
大暑	2044	7	22	11	42	41
立秋	2044	8	7	4	7	55
處暑	2044	8	22	18	53	59
白露	2044	9	7	7	15	50
秋分	2044	9	22	16	47	11
寒露	2044	10	7	23	12	36
霜降	2044	10	23	2	25	37
立冬	2044	11	7	2	41	18
小雪	2044	11	22	0	14	37
大雪	2044	12	6	19	44	31
冬至	2044	12	21	13	42	55
小寒	2045	1	5	7	1	50
大寒	2045	1	20	0	21	32
立春	2045	2	3	18	35	36
雨水	2045	2	18	14	21	41
驚蟄	2045	3	5	12	24	21
春分	2045	3	20	13	6	57
清明	2045	4	4	16	56	36
榖雨	2045	4	19	23	52	11
立夏	2045	5	5	9	58	49
小滿	2045	5	20	22	45	18
芒種	2045	6	5	13	56	20
夏至	2045	6	21	6	33	13
小暑	2045	7	7	0	7	24
大暑	2045	7	22	17	26	7
立秋	2045	8	7	9	59	0
處暑	2045	8	23	0	38	29
白露	2045	9	7	13	4	47
秋分	2045	9	22	22	32	14
寒露	2045	10	8	4	59	58
霜降	2045	10	23	8	11	50
立冬	2045	11	7	8	29	10
小雪	2045	11	22	6	3	9
大雪	2045	12	7	1	34	53
冬至	2045	12	21	19	34	26
小寒	2046	1	5	12	55	18
大寒	2046	1	20	6	15	12
立春	2046	2	4	0	30	24
雨水	2046	2	18	20	14	56
驚蟄	2046	3	5	18	17	5
春分	2046	3	20	18	57	10
清明	2046	4	4	22	44	15
榖雨	2046	4	20	5	38	14
立夏	2046	5	5	15	39	59
小滿	2046	5	21	4	27	47
芒種	2046	6	5	19	31	33
夏至	2046	6	21	12	13	57
小暑	2046	7	7	5	39	36
大暑	2046	7	22	23	8	0
立秋	2046	8	7	15	32	38
處暑	2046	8	23	6	23	50
白露	2046	9	7	18	42	35
秋分	2046	9	23	4	21	2
寒露	2046	10	8	10	41	42
霜降	2046	10	23	14	2	52
立冬	2046	11	7	14	13	27
小雪	2046	11	22	11	55	35
大雪	2046	12	7	7	20	36
冬至	2046	12	22	1	27	47
小寒	2047	1	5	18	41	41
大寒	2047	1	20	12	9	15
立春	2047	2	4	6	17	20
雨水	2047	2	19	2	9	41
驚蟄	2047	3	6	0	4	36
春分	2047	3	21	0	51	58
清明	2047	4	5	4	32	0
榖雨	2047	4	20	11	31	50
立夏	2047	5	5	21	27	49
小滿	2047	5	21	10	19	13
芒種	2047	6	6	1	20	10
夏至	2047	6	21	18	2	47
小暑	2047	7	7	11	29	47
大暑	2047	7	23	4	54	47
立秋	2047	8	7	21	25	11
處暑	2047	8	23	12	10	10
白露	2047	9	8	0	37	28
秋分	2047	9	23	10	7	23
寒露	2047	10	8	16	36	59
霜降	2047	10	23	19	47	51
立冬	2047	11	7	20	6	38
小雪	2047	11	22	17	37	34
大雪	2047	12	7	13	10	19
冬至	2047	12	22	7	6	32
小寒	2048	1	6	0	28	40
大寒	2048	1	20	17	46	24
立春	2048	2	4	12	3	54
雨水	2048	2	19	7	47	48
驚蟄	2048	3	5	5	53	24
春分	2048	3	20	6	33	8
清明	2048	4	4	10	24	33
榖雨	2048	4	19	17	16	44
立夏	2048	5	5	3	23	47
小滿	2048	5	20	16	7	20
芒種	2048	6	5	7	17	35
夏至	2048	6	20	23	53	13
小暑	2048	7	6	17	26	5
大暑	2048	7	22	10	46	14
立秋	2048	8	7	3	18	8
處暑	2048	8	22	18	1	48
白露	2048	9	7	6	27	22
秋分	2048	9	22	15	59	56
寒露	2048	10	7	22	26	0
霜降	2048	10	23	1	42	1
立冬	2048	11	7	1	56	7
小雪	2048	11	21	23	32	47
大雪	2048	12	6	19	0	6
冬至	2048	12	21	13	1	33
小寒	2049	1	5	6	18	0
大寒	2049	1	19	23	40	30
立春	2049	2	3	17	52	40
雨水	2049	2	18	13	41	34
驚蟄	2049	3	5	11	42	13
春分	2049	3	20	12	27	54
清明	2049	4	4	16	13	40
榖雨	2049	4	19	23	12	45
立夏	2049	5	5	9	11	55
小滿	2049	5	20	22	3	5
芒種	2049	6	5	13	3	1
夏至	2049	6	21	5	46	36
小暑	2049	7	6	23	8	6
大暑	2049	7	22	16	35	35
立秋	2049	8	7	8	57	12
處暑	2049	8	22	23	46	37
白露	2049	9	7	12	4	49
秋分	2049	9	22	21	41	53
寒露	2049	10	8	4	4	18
霜降	2049	10	23	7	24	28
立冬	2049	11	7	7	37	41
小雪	2049	11	22	5	18	35
大雪	2049	12	7	0	45	56
冬至	2049	12	21	18	51	27
小寒	2050	1	5	12	7	10
大寒	2050	1	20	5	33	5
立春	2050	2	3	23	43	3
雨水	2050	2	18	19	34	22
驚蟄	2050	3	5	17	31	57
春分	2050	3	20	18	18	52
清明	2050	4	4	22	2	29
榖雨	2050	4	20	5	1	28
立夏	2050	5	5	15	1	14
小滿	2050	5	21	3	50	7
芒種	2050	6	5	18	54	6
夏至	2050	6	21	11	32	18
小暑	2050	7	7	5	1	10
大暑	2050	7	22	22	20	41
立秋	2050	8	7	14	51	46
處暑	2050	8	23	5	31	57
白露	2050	9	7	17	59	55
秋分	2050	9	23	3	27	48
寒露	2050	10	8	9	59	26
霜降	2050	10	23	13	11	7
立冬	2050	11	7	13	32	57
小雪	2050	11	22	11	5	36
大雪	2050	12	7	6	41	4
冬至	2050	12	22	0	37	59
小寒	2051	1	5	18	1	29
大寒	2051	1	20	11	18	4
立春	2051	2	4	5	35	24
雨水	2051	2	19	1	16	43
驚蜇	2051	3	5	23	21	20
春分	2051	3	20	23	58	27
清明	2051	4	5	3	48	58
榖雨	2051	4	20	10	39	56
立夏	2051	5	5	20	46	24
小滿	2051	5	21	9	30	42
芒種	2051	6	6	0	39	59
夏至	2051	6	21	17	17	56
小暑	2051	7	7	10	48	44
大暑	2051	7	23	4	12	14
立秋	2051	8	7	20	41	7
處暑	2051	8	23	11	28	26
白露	2051	9	7	23	50	36
秋分	2051	9	23	9	26	39
寒露	2051	10	8	15	49	45
霜降	2051	10	23	19	9	22
立冬	2051	11	7	19	21	25
小雪	2051	11	22	17	2	8
大雪	2051	12	7	12	27	55
冬至	2051	12	22	6	33	25
小寒	2052	1	5	23	47	50
大寒	2052	1	20	17	13	30
立春	2052	2	4	11	22	14
雨水	2052	2	19	7	12	55
驚蜇	2052	3	5	5	8	49
春分	2052	3	20	5	55	23
清明	2052	4	4	9	36	36
榖雨	2052	4	19	16	37	14
立夏	2052	5	5	2	34	5
小滿	2052	5	20	15	28	17
芒種	2052	6	5	6	28	45
夏至	2052	6	20	23	15	30
小暑	2052	7	6	16	39	16
大暑	2052	7	22	10	8	9
立秋	2052	8	7	2	32	31
處暑	2052	8	22	17	20	46
白露	2052	9	7	5	41	25
秋分	2052	9	22	15	14	59
寒露	2052	10	7	21	39	6
霜降	2052	10	23	0	54	28
立冬	2052	11	7	1	9	9
小雪	2052	11	21	22	45	17
大雪	2052	12	6	18	14	47
冬至	2052	12	21	12	16	30
小寒	2053	1	5	5	35	24
大寒	2053	1	19	22	58	31
立春	2053	2	3	17	12	20
雨水	2053	2	18	13	1	11
驚蜇	2053	3	5	11	2	35
春分	2053	3	20	11	46	40
清明	2053	4	4	15	33	47
榖雨	2053	4	19	22	29	33
立夏	2053	5	5	8	32	52
小滿	2053	5	20	21	18	50
芒種	2053	6	5	12	26	55
夏至	2053	6	21	5	3	25
小暑	2053	7	6	22	36	25
大暑	2053	7	22	15	55	29
立秋	2053	8	7	8	29	17
處暑	2053	8	22	23	9	32
白露	2053	9	7	11	37	55
秋分	2053	9	22	21	5	35
寒露	2053	10	8	3	35	23
霜降	2053	10	23	6	46	32
立冬	2053	11	7	7	5	27
小雪	2053	11	22	4	38	4
大雪	2053	12	7	0	11	9
冬至	2053	12	21	18	9	13
小寒	2054	1	5	11	31	35
大寒	2054	1	20	4	50	18
立春	2054	2	3	23	7	13
雨水	2054	2	18	18	50	52
驚蜇	2054	3	5	16	54	49
春分	2054	3	20	17	33	46
清明	2054	4	4	21	22	21
榖雨	2054	4	20	4	14	23
立夏	2054	5	5	14	17	8
小滿	2054	5	21	3	2	17
芒種	2054	6	5	18	6	46
夏至	2054	6	21	10	46	29
小暑	2054	7	7	4	13	4
大暑	2054	7	22	21	39	55
立秋	2054	8	7	14	6	16
處暑	2054	8	23	4	57	44
白露	2054	9	7	17	18	51
秋分	2054	9	23	2	58	48
寒露	2054	10	8	9	21	30
霜降	2054	10	23	12	44	9
立冬	2054	11	7	12	55	35
小雪	2054	11	22	10	38	11
大雪	2054	12	7	6	2	43
冬至	2054	12	22	0	9	16
小寒	2055	1	5	17	21	52
大寒	2055	1	20	10	48	19
立春	2055	2	4	4	55	6
雨水	2055	2	19	0	46	37
驚蜇	2055	3	5	22	40	45
春分	2055	3	20	23	27	56
清明	2055	4	5	3	7	33
榖雨	2055	4	20	10	7	51
立夏	2055	5	5	20	3	9
小滿	2055	5	21	8	55	30
芒種	2055	6	5	23	55	11
夏至	2055	6	21	16	39	11
小暑	2055	7	7	10	4	31
大暑	2055	7	23	3	31	21
立秋	2055	8	7	20	0	20
處暑	2055	8	23	10	47	52
白露	2055	9	7	23	14	50
秋分	2055	9	23	8	48	4
寒露	2055	10	8	15	18	20
霜降	2055	10	23	18	32	37
立冬	2055	11	7	18	52	3
小雪	2055	11	22	16	25	29
大雪	2055	12	7	11	57	47
冬至	2055	12	22	5	54	56
小寒	2056	1	5	23	14	59
大寒	2056	1	20	16	32	15
立春	2056	2	4	10	46	27
雨水	2056	2	19	6	29	16
驚蜇	2056	3	5	4	31	26
春分	2056	3	20	5	10	24
清明	2056	4	4	8	59	18
榖雨	2056	4	19	15	51	26
立夏	2056	5	5	1	57	16
小滿	2056	5	20	14	41	15
芒種	2056	6	5	5	51	38
夏至	2056	6	20	22	27	32
小暑	2056	7	6	16	1	39
大暑	2056	7	22	9	21	33
立秋	2056	8	7	1	55	22
處暑	2056	8	22	16	38	23
白露	2056	9	7	5	6	37
秋分	2056	9	22	14	38	50
寒露	2056	10	7	21	8	24
霜降	2056	10	23	0	24	40
立冬	2056	11	7	0	42	38
小雪	2056	11	21	22	19	33
大雪	2056	12	6	17	50	13
冬至	2056	12	21	11	50	57
小寒	2057	1	5	5	9	21
大寒	2057	1	19	22	29	28
立春	2057	2	3	16	41	49
雨水	2057	2	18	12	26	43
驚蜇	2057	3	5	10	26	19
春分	2057	3	20	11	7	15
清明	2057	4	4	14	51	56
榖雨	2057	4	19	21	46	50
立夏	2057	5	5	7	45	57
小滿	2057	5	20	20	34	32
芒種	2057	6	5	11	35	37
夏至	2057	6	21	4	18	24
小暑	2057	7	6	21	41	44
大暑	2057	7	22	15	10	1
立秋	2057	8	7	7	33	13
處暑	2057	8	22	22	24	20
白露	2057	9	7	10	43	24
秋分	2057	9	22	20	22	36
寒露	2057	10	8	2	45	28
霜降	2057	10	23	6	8	20
立冬	2057	11	7	6	22	7
小雪	2057	11	22	4	6	1
大雪	2057	12	6	23	33	57
冬至	2057	12	21	17	42	11
小寒	2058	1	5	10	57	51
大寒	2058	1	20	4	25	22
立春	2058	2	3	22	33	48
雨水	2058	2	18	18	24	58
驚蜇	2058	3	5	16	19	11
春分	2058	3	20	17	4	21
清明	2058	4	4	20	43	17
榖雨	2058	4	20	3	40	12
立夏	2058	5	5	13	35	18
小滿	2058	5	21	2	23	23
芒種	2058	6	5	17	24	3
夏至	2058	6	21	10	3	24
小暑	2058	7	7	3	30	50
大暑	2058	7	22	20	53	8
立秋	2058	8	7	13	24	35
處暑	2058	8	23	4	8	5
白露	2058	9	7	16	37	19
秋分	2058	9	23	2	7	45
寒露	2058	10	8	8	40	31
霜降	2058	10	23	11	53	44
立冬	2058	11	7	12	16	25
小雪	2058	11	22	9	50	6
大雪	2058	12	7	5	26	24
冬至	2058	12	21	23	24	19
小寒	2059	1	5	16	48	31
大寒	2059	1	20	10	5	53
立春	2059	2	4	4	23	17
雨水	2059	2	19	0	4	33
驚蜇	2059	3	5	22	8	4
春分	2059	3	20	22	43	36
清明	2059	4	5	2	31	46
榖雨	2059	4	20	9	19	35
立夏	2059	5	5	19	23	17
小滿	2059	5	21	8	3	53
芒種	2059	6	5	23	11	35
夏至	2059	6	21	15	46	37
小暑	2059	7	7	9	18	8
大暑	2059	7	23	2	40	14
立秋	2059	8	7	19	12	3
處暑	2059	8	23	9	59	31
白露	2059	9	7	22	25	54
秋分	2059	9	23	8	2	52
寒露	2059	10	8	14	29	57
霜降	2059	10	23	17	50	6
立冬	2059	11	7	18	4	59
小雪	2059	11	22	15	45	16
大雪	2059	12	7	11	12	55
冬至	2059	12	22	5	17	18
小寒	2060	1	5	22	33	11
大寒	2060	1	20	15	57	28
立春	2060	2	4	10	7	30
雨水	2060	2	19	5	56	35
驚蜇	2060	3	5	3	53	25
春分	2060	3	20	4	37	51
清明	2060	4	4	8	19	2
榖雨	2060	4	19	15	16	41
立夏	2060	5	5	1	12	6
小滿	2060	5	20	14	2	50
芒種	2060	6	5	5	0	52
夏至	2060	6	20	21	44	59
小暑	2060	7	6	15	6	36
大暑	2060	7	22	8	35	5
立秋	2060	8	7	0	58	28
處暑	2060	8	22	15	48	52
白露	2060	9	7	4	9	57
秋分	2060	9	22	13	47	32
寒露	2060	10	7	20	12	50
霜降	2060	10	22	23	32	45
立冬	2060	11	6	23	48	12
小雪	2060	11	21	21	27	58
大雪	2060	12	6	16	56	54
冬至	2060	12	21	11	0	47
小寒	2061	1	5	4	17	46
大寒	2061	1	19	21	41	57
立春	2061	2	3	15	53	3
雨水	2061	2	18	11	42	31
驚蜇	2061	3	5	9	40	59
春分	2061	3	20	10	25	37
清明	2061	4	4	14	9	43
榖雨	2061	4	19	21	5	51
立夏	2061	5	5	7	5	49
小滿	2061	5	20	19	51	36
芒種	2061	6	5	10	55	58
夏至	2061	6	21	3	31	35
小暑	2061	7	6	21	1	26
大暑	2061	7	22	14	19	42
立秋	2061	8	7	6	52	10
處暑	2061	8	22	21	32	28
白露	2061	9	7	10	1	53
秋分	2061	9	22	19	30	44
寒露	2061	10	8	2	3	27
霜降	2061	10	23	5	16	34
立冬	2061	11	7	5	39	12
小雪	2061	11	22	3	13	32
大雪	2061	12	6	22	49	42
冬至	2061	12	21	16	48	11
小寒	2062	1	5	10	12	3
大寒	2062	1	20	3	29	32
立春	2062	2	3	21	46	22
雨水	2062	2	18	17	27	38
驚蜇	2062	3	5	15	30	44
春分	2062	3	20	16	6	51
清明	2062	4	4	19	54	46
榖雨	2062	4	20	2	43	59
立夏	2062	5	5	12	46	45
小滿	2062	5	21	1	29	7
芒種	2062	6	5	16	34	7
夏至	2062	6	21	9	10	44
小暑	2062	7	7	2	37	46
大暑	2062	7	22	20	1	31
立秋	2062	8	7	12	28	16
處暑	2062	8	23	3	17	39
白露	2062	9	7	15	39	45
秋分	2062	9	23	1	19	16
寒露	2062	10	8	7	43	53
霜降	2062	10	23	11	7	42
立冬	2062	11	7	11	21	52
小雪	2062	11	22	9	6	29
大雪	2062	12	7	4	33	49
冬至	2062	12	21	22	42	2
小寒	2063	1	5	15	56	34
大寒	2063	1	20	9	23	19
立春	2063	2	4	3	30	30
雨水	2063	2	18	23	20	40
驚蜇	2063	3	5	21	13	43
春分	2063	3	20	21	58	33
清明	2063	4	5	1	36	16
榖雨	2063	4	20	8	34	20
立夏	2063	5	5	18	27	40
小滿	2063	5	21	7	18	58
芒種	2063	6	5	22	16	55
夏至	2063	6	21	15	1	17
小暑	2063	7	7	8	24	48
大暑	2063	7	23	1	52	43
立秋	2063	8	7	18	19	26
處暑	2063	8	23	9	8	10
白露	2063	9	7	21	32	52
秋分	2063	9	23	7	7	35
寒露	2063	10	8	13	36	13
霜降	2063	10	23	16	52	39
立冬	2063	11	7	17	11	25
小雪	2063	11	22	14	47	43
大雪	2063	12	7	10	20	6
冬至	2063	12	22	4	20	29
小寒	2064	1	5	21	40	37
大寒	2064	1	20	15	0	44
立春	2064	2	4	9	14	10
雨水	2064	2	19	4	58	41
驚蜇	2064	3	5	2	58	43
春分	2064	3	20	3	38	0
清明	2064	4	4	7	23	41
榖雨	2064	4	19	14	15	13
立夏	2064	5	5	0	17	50
小滿	2064	5	20	13	1	6
芒種	2064	6	5	4	9	28
夏至	2064	6	20	20	45	2
小暑	2064	7	6	14	18	59
大暑	2064	7	22	7	38	44
立秋	2064	8	7	0	13	42
處暑	2064	8	22	14	56	2
白露	2064	9	7	3	25	43
秋分	2064	9	22	12	56	25
寒露	2064	10	7	19	27	19
霜降	2064	10	22	22	41	37
立冬	2064	11	6	23	0	59
小雪	2064	11	21	20	36	7
大雪	2064	12	6	16	8	38
冬至	2064	12	21	10	8	8
小寒	2065	1	5	3	28	54
大寒	2065	1	19	20	48	14
立春	2065	2	3	15	3	1
雨水	2065	2	18	10	46	58
驚蜇	2065	3	5	8	48	29
春分	2065	3	20	9	27	33
清明	2065	4	4	13	13	16
榖雨	2065	4	19	20	5	14
立夏	2065	5	5	6	4	45
小滿	2065	5	20	18	50	4
芒種	2065	6	5	9	51	32
夏至	2065	6	21	2	31	51
小暑	2065	7	6	19	56	12
大暑	2065	7	22	13	23	47
立秋	2065	8	7	5	48	38
處暑	2065	8	22	20	40	43
白露	2065	9	7	9	1	17
秋分	2065	9	22	18	41	59
寒露	2065	10	8	1	5	16
霜降	2065	10	23	4	29	3
立冬	2065	11	7	4	41	57
小雪	2065	11	22	2	25	57
大雪	2065	12	6	21	52	14
冬至	2065	12	21	16	0	9
小寒	2066	1	5	9	14	8
大寒	2066	1	20	2	41	28
立春	2066	2	3	20	48	42
雨水	2066	2	18	16	40	5
驚蜇	2066	3	5	14	33	28
春分	2066	3	20	15	19	12
清明	2066	4	4	18	57	6
榖雨	2066	4	20	1	54	39
立夏	2066	5	5	11	48	2
小滿	2066	5	21	0	36	50
芒種	2066	6	5	15	35	14
夏至	2066	6	21	8	15	47
小暑	2066	7	7	1	41	15
大暑	2066	7	22	19	5	40
立秋	2066	8	7	11	36	18
處暑	2066	8	23	2	22	53
白露	2066	9	7	14	52	42
秋分	2066	9	23	0	26	24
寒露	2066	10	8	7	0	13
霜降	2066	10	23	10	15	46
立冬	2066	11	7	10	38	37
小雪	2066	11	22	8	12	58
大雪	2066	12	7	3	47	51
冬至	2066	12	21	21	44	55
小寒	2067	1	5	15	6	25
大寒	2067	1	20	8	22	17
立春	2067	2	4	2	36	41
雨水	2067	2	18	22	16	43
驚蜇	2067	3	5	20	17	52
春分	2067	3	20	20	53	0
清明	2067	4	5	0	39	58
榖雨	2067	4	20	7	27	59
立夏	2067	5	5	17	31	33
小滿	2067	5	21	6	12	18
芒種	2067	6	5	21	20	42
夏至	2067	6	21	13	55	24
小暑	2067	7	7	7	28	31
大暑	2067	7	23	0	50	1
立秋	2067	8	7	17	24	27
處暑	2067	8	23	8	11	37
白露	2067	9	7	20	41	40
秋分	2067	9	23	6	19	2
寒露	2067	10	8	12	50	18
霜降	2067	10	23	16	11	9
立冬	2067	11	7	16	29	48
小雪	2067	11	22	14	9	59
大雪	2067	12	7	9	39	59
冬至	2067	12	22	3	42	29
小寒	2068	1	5	20	58	48
大寒	2068	1	20	14	19	21
立春	2068	2	4	8	28	23
雨水	2068	2	19	4	12	46
驚蜇	2068	3	5	2	8	17
春分	2068	3	20	2	48	22
清明	2068	4	4	6	29	5
榖雨	2068	4	19	13	23	45
立夏	2068	5	4	23	19	57
小滿	2068	5	20	12	9	23
芒種	2068	6	5	3	8	56
夏至	2068	6	20	19	53	10
小暑	2068	7	6	13	16	15
大暑	2068	7	22	6	46	4
立秋	2068	8	6	23	10	31
處暑	2068	8	22	14	3	18
白露	2068	9	7	2	25	12
秋分	2068	9	22	12	6	10
寒露	2068	10	7	18	32	26
霜降	2068	10	22	21	56	21
立冬	2068	11	6	22	12	46
小雪	2068	11	21	19	56	22
大雪	2068	12	6	15	25	33
冬至	2068	12	21	9	32	4
小寒	2069	1	5	2	47	40
大寒	2069	1	19	20	12	30
立春	2069	2	3	14	20	12
雨水	2069	2	18	10	8	24
驚蜇	2069	3	5	8	1	56
春分	2069	3	20	8	44	27
清明	2069	4	4	12	23	21
榖雨	2069	4	19	19	18	7
立夏	2069	5	5	5	14	5
小滿	2069	5	20	18	0	24
芒種	2069	6	5	9	2	42
夏至	2069	6	21	1	40	41
小暑	2069	7	6	19	10	20
大暑	2069	7	22	12	31	45
立秋	2069	8	7	5	5	23
處暑	2069	8	22	19	48	40
白露	2069	9	7	8	19	59
秋分	2069	9	22	17	51	16
寒露	2069	10	8	0	26	22
霜降	2069	10	23	3	41	33
立冬	2069	11	7	4	6	51
小雪	2069	11	22	1	43	1
大雪	2069	12	6	21	21	43
冬至	2069	12	21	15	21	27
小寒	2070	1	5	8	46	55
大寒	2070	1	20	2	4	24
立春	2070	2	3	20	21	11
雨水	2070	2	18	16	0	37
驚蜇	2070	3	5	14	1	47
春分	2070	3	20	14	34	18
清明	2070	4	4	18	19	10
榖雨	2070	4	20	1	3	54
立夏	2070	5	5	11	4	10
小滿	2070	5	20	23	42	41
芒種	2070	6	5	14	47	24
夏至	2070	6	21	7	21	59
小暑	2070	7	7	0	51	28
大暑	2070	7	22	18	15	4
立秋	2070	8	7	10	45	59
處暑	2070	8	23	1	36	31
白露	2070	9	7	14	3	11
秋分	2070	9	22	23	44	13
寒露	2070	10	8	6	12	45
霜降	2070	10	23	9	37	45
立冬	2070	11	7	9	54	56
小雪	2070	11	22	7	40	19
大雪	2070	12	7	3	10	8
冬至	2070	12	21	21	18	43
小寒	2071	1	5	14	35	18
大寒	2071	1	20	8	1	48
立春	2071	2	4	2	10	13
雨水	2071	2	18	21	59	3
驚蜇	2071	3	5	19	51	57
春分	2071	3	20	20	34	4
清明	2071	4	5	0	9	59
榖雨	2071	4	20	7	4	16
立夏	2071	5	5	16	54	37
小滿	2071	5	21	5	42	22
芒種	2071	6	5	20	37	21
夏至	2071	6	21	13	20	13
小暑	2071	7	7	6	42	10
大暑	2071	7	23	0	11	38
立秋	2071	8	7	16	38	31
處暑	2071	8	23	7	31	16
白露	2071	9	7	19	57	19
秋分	2071	9	23	5	37	8
寒露	2071	10	8	12	7	20
霜降	2071	10	23	15	28	34
立冬	2071	11	7	15	48	5
小雪	2071	11	22	13	28	7
大雪	2071	12	7	9	0	10
冬至	2071	12	22	3	3	17
小寒	2072	1	5	20	22	20
大寒	2072	1	20	13	44	33
立春	2072	2	4	7	56	23
雨水	2072	2	19	3	42	30
驚蜇	2072	3	5	1	40	19
春分	2072	3	20	2	20	27
清明	2072	4	4	6	3	5
榖雨	2072	4	19	12	54	23
立夏	2072	5	4	22	53	6
小滿	2072	5	20	11	35	2
芒種	2072	6	5	2	39	20
夏至	2072	6	20	19	13	12
小暑	2072	7	6	12	44	33
大暑	2072	7	22	6	3	32
立秋	2072	8	6	22	38	43
處暑	2072	8	22	13	21	53
白露	2072	9	7	1	54	32
秋分	2072	9	22	11	27	14
寒露	2072	10	7	18	2	41
霜降	2072	10	22	21	19	15
立冬	2072	11	6	21	43	14
小雪	2072	11	21	19	19	50
大雪	2072	12	6	14	55	52
冬至	2072	12	21	8	55	25
小寒	2073	1	5	2	18	15
大寒	2073	1	19	19	36	22
立春	2073	2	3	13	52	9
雨水	2073	2	18	9	34	9
驚蜇	2073	3	5	7	36	7
春分	2073	3	20	8	12	45
清明	2073	4	4	11	58	39
榖雨	2073	4	19	18	47	37
立夏	2073	5	5	4	47	11
小滿	2073	5	20	17	28	52
芒種	2073	6	5	8	30	3
夏至	2073	6	21	1	6	25
小暑	2073	7	6	18	30	15
大暑	2073	7	22	11	54	37
立秋	2073	8	7	4	19	37
處暑	2073	8	22	19	10	38
白露	2073	9	7	7	32	41
秋分	2073	9	22	17	14	42
寒露	2073	10	7	23	40	41
霜降	2073	10	23	3	7	27
立冬	2073	11	7	3	23	30
小雪	2073	11	22	1	10	52
大雪	2073	12	6	20	39	48
冬至	2073	12	21	14	50	7
小寒	2074	1	5	8	5	28
大寒	2074	1	20	1	33	33
立春	2074	2	3	19	40	41
雨水	2074	2	18	15	31	27
驚蜇	2074	3	5	13	23	42
春分	2074	3	20	14	8	16
清明	2074	4	4	17	44	33
榖雨	2074	4	20	0	41	8
立夏	2074	5	5	10	32	34
小滿	2074	5	20	23	21	3
芒種	2074	6	5	14	17	5
夏至	2074	6	21	6	57	52
小暑	2074	7	7	0	20	24
大暑	2074	7	22	17	45	8
立秋	2074	8	7	10	12	39
處暑	2074	8	23	0	59	59
白露	2074	9	7	13	27	42
秋分	2074	9	22	23	3	12
寒露	2074	10	8	5	36	40
霜降	2074	10	23	8	55	13
立冬	2074	11	7	9	19	8
小雪	2074	11	22	6	57	18
大雪	2074	12	7	2	33	50
冬至	2074	12	21	20	34	39
小寒	2075	1	5	13	57	16
大寒	2075	1	20	7	15	55
立春	2075	2	4	1	30	1
雨水	2075	2	18	21	11	25
驚蜇	2075	3	5	19	10	46
春分	2075	3	20	19	46	0
清明	2075	4	4	23	30	25
榖雨	2075	4	20	6	17	49
立夏	2075	5	5	16	19	6
小滿	2075	5	21	4	59	0
芒種	2075	6	5	20	6	6
夏至	2075	6	21	12	39	51
小暑	2075	7	7	6	12	53
大暑	2075	7	22	23	32	54
立秋	2075	8	7	16	7	47
處暑	2075	8	23	6	52	39
白露	2075	9	7	19	23	21
秋分	2075	9	23	4	58	15
寒露	2075	10	8	11	30	52
霜降	2075	10	23	14	50	2
立冬	2075	11	7	15	11	2
小雪	2075	11	22	12	50	37
大雪	2075	12	7	8	23	53
冬至	2075	12	22	2	26	30
小寒	2076	1	5	19	46	29
大寒	2076	1	20	13	7	6
立春	2076	2	4	7	19	19
雨水	2076	2	19	3	2	51
驚蜇	2076	3	5	1	0	21
春分	2076	3	20	1	38	16
清明	2076	4	4	5	19	46
榖雨	2076	4	19	12	11	22
立夏	2076	5	4	22	7	48
小滿	2076	5	20	10	54	14
芒種	2076	6	5	1	53	59
夏至	2076	6	20	18	36	12
小暑	2076	7	6	11	59	50
大暑	2076	7	22	5	29	7
立秋	2076	8	6	21	53	59
處暑	2076	8	22	12	47	7
白露	2076	9	7	1	8	27
秋分	2076	9	22	10	49	40
寒露	2076	10	7	17	14	20
霜降	2076	10	22	20	38	27
立冬	2076	11	6	20	52	56
小雪	2076	11	21	18	37	9
大雪	2076	12	6	14	4	56
冬至	2076	12	21	8	12	49
小寒	2077	1	5	1	27	55
大寒	2077	1	19	18	54	50
立春	2077	2	3	13	2	32
雨水	2077	2	18	8	53	1
驚蜇	2077	3	5	6	46	16
春分	2077	3	20	7	30	32
清明	2077	4	4	11	8	9
榖雨	2077	4	19	18	3	52
立夏	2077	5	5	3	57	29
小滿	2077	5	20	16	44	27
芒種	2077	6	5	7	44	0
夏至	2077	6	21	0	22	54
小暑	2077	7	6	17	50	19
大暑	2077	7	22	11	13	18
立秋	2077	8	7	3	45	56
處暑	2077	8	22	18	31	16
白露	2077	9	7	7	2	36
秋分	2077	9	22	16	35	18
寒露	2077	10	7	23	10	12
霜降	2077	10	23	2	25	28
立冬	2077	11	7	2	49	42
小雪	2077	11	22	0	24	49
大雪	2077	12	6	20	1	54
冬至	2077	12	21	14	0	16
小寒	2078	1	5	7	24	15
大寒	2078	1	20	0	40	51
立春	2078	2	3	18	56	49
雨水	2078	2	18	14	36	13
驚蜇	2078	3	5	12	37	22
春分	2078	3	20	13	10	17
清明	2078	4	4	16	55	34
榖雨	2078	4	19	23	40	20
立夏	2078	5	5	9	41	5
小滿	2078	5	20	22	18	49
芒種	2078	6	5	13	24	12
夏至	2078	6	21	5	57	24
小暑	2078	7	6	23	28	15
大暑	2078	7	22	16	50	24
立秋	2078	8	7	9	23	37
處暑	2078	8	23	0	13	22
白露	2078	9	7	12	43	6
秋分	2078	9	22	22	23	59
寒露	2078	10	8	4	55	28
霜降	2078	10	23	8	19	57
立冬	2078	11	7	8	38	51
小雪	2078	11	22	6	22	20
大雪	2078	12	7	1	52	14
冬至	2078	12	21	19	57	25
小寒	2079	1	5	13	12	58
大寒	2079	1	20	6	35	23
立春	2079	2	4	0	42	39
雨水	2079	2	18	20	27	51
驚蜇	2079	3	5	18	20	26
春分	2079	3	20	19	0	8
清明	2079	4	4	22	36	52
榖雨	2079	4	20	5	30	2
立夏	2079	5	5	15	21	45
小滿	2079	5	21	4	9	20
芒種	2079	6	5	19	5	23
夏至	2079	6	21	11	48	47
小暑	2079	7	7	5	11	11
大暑	2079	7	22	22	42	1
立秋	2079	8	7	15	8	49
處暑	2079	8	23	6	3	50
白露	2079	9	7	18	29	45
秋分	2079	9	23	4	12	38
寒露	2079	10	8	10	42	54
霜降	2079	10	23	14	7	26
立冬	2079	11	7	14	26	35
小雪	2079	11	22	12	9	8
大雪	2079	12	7	7	39	31
冬至	2079	12	22	1	43	29
小寒	2080	1	5	18	59	5
大寒	2080	1	20	12	20	27
立春	2080	2	4	6	27	26
雨水	2080	2	19	2	11	53
驚蜇	2080	3	5	0	4	38
春分	2080	3	20	0	43	36
清明	2080	4	4	4	22	11
榖雨	2080	4	19	11	13	49
立夏	2080	5	4	21	10	8
小滿	2080	5	20	9	53	54
芒種	2080	6	5	0	57	16
夏至	2080	6	20	17	33	34
小暑	2080	7	6	11	5	7
大暑	2080	7	22	4	26	21
立秋	2080	8	6	21	2	36
處暑	2080	8	22	11	47	27
白露	2080	9	7	0	21	56
秋分	2080	9	22	9	55	54
寒露	2080	10	7	16	33	50
霜降	2080	10	22	19	51	30
立冬	2080	11	6	20	18	8
小雪	2080	11	21	17	55	20
大雪	2080	12	6	13	33	21
冬至	2080	12	21	7	32	18
小寒	2081	1	5	0	55	31
大寒	2081	1	19	18	11	16
立春	2081	2	3	12	25	25
雨水	2081	2	18	8	3	17
驚蜇	2081	3	5	6	2	12
春分	2081	3	20	6	33	46
清明	2081	4	4	10	16	43
榖雨	2081	4	19	17	1	2
立夏	2081	5	5	2	59	26
小滿	2081	5	20	15	38	7
芒種	2081	6	5	6	40	40
夏至	2081	6	20	23	15	53
小暑	2081	7	6	16	43	1
大暑	2081	7	22	10	7	39
立秋	2081	8	7	2	36	32
處暑	2081	8	22	17	28	34
白露	2081	9	7	5	54	7
秋分	2081	9	22	15	37	19
寒露	2081	10	7	22	6	2
霜降	2081	10	23	1	34	2
立冬	2081	11	7	1	52	16
小雪	2081	11	21	23	40	43
大雪	2081	12	6	19	11	17
冬至	2081	12	21	13	22	1
小寒	2082	1	5	6	38	7
大寒	2082	1	20	0	5	18
立春	2082	2	3	18	11	43
雨水	2082	2	18	13	59	52
驚蜇	2082	3	5	11	49	40
春分	2082	3	20	12	30	7
清明	2082	4	4	16	2	39
榖雨	2082	4	19	22	54	53
立夏	2082	5	5	8	42	28
小滿	2082	5	20	21	28	16
芒種	2082	6	5	12	21	40
夏至	2082	6	21	5	2	47
小暑	2082	7	6	22	24	36
大暑	2082	7	22	15	52	33
立秋	2082	8	7	8	20	51
處暑	2082	8	22	23	12	58
白露	2082	9	7	11	42	5
秋分	2082	9	22	21	22	28
寒露	2082	10	8	3	57	1
霜降	2082	10	23	7	19	35
立冬	2082	11	7	7	43	46
小雪	2082	11	22	5	24	58
大雪	2082	12	7	1	1	5
冬至	2082	12	21	19	4	11
小寒	2083	1	5	12	25	41
大寒	2083	1	20	5	45	52
立春	2083	2	3	23	57	53
雨水	2083	2	18	19	39	45
驚蜇	2083	3	5	17	35	44
春分	2083	3	20	18	10	2
清明	2083	4	4	21	49	48
榖雨	2083	4	20	4	34	59
立夏	2083	5	5	14	31	6
小滿	2083	5	21	3	8	21
芒種	2083	6	5	18	11	29
夏至	2083	6	21	10	43	25
小暑	2083	7	7	4	15	21
大暑	2083	7	22	21	35	16
立秋	2083	8	7	14	12	21
處暑	2083	8	23	4	58	46
白露	2083	9	7	17	34	1
秋分	2083	9	23	3	11	9
寒露	2083	10	8	9	49	0
霜降	2083	10	23	13	9	52
立冬	2083	11	7	13	35	14
小雪	2083	11	22	11	15	9
大雪	2083	12	7	6	51	20
冬至	2083	12	22	0	52	54
小寒	2084	1	5	18	14	34
大寒	2084	1	20	11	33	8
立春	2084	2	4	5	46	10
雨水	2084	2	19	1	26	56
驚蜇	2084	3	4	23	24	35
春分	2084	3	19	23	59	0
清明	2084	4	4	3	39	59
榖雨	2084	4	19	10	27	12
立夏	2084	5	4	20	22	28
小滿	2084	5	20	9	3	57
芒種	2084	6	5	0	2	17
夏至	2084	6	20	16	40	7
小暑	2084	7	6	10	3	1
大暑	2084	7	22	3	30	7
立秋	2084	8	6	19	55	53
處暑	2084	8	22	10	49	58
白露	2084	9	6	23	13	53
秋分	2084	9	22	8	58	39
寒露	2084	10	7	15	26	47
霜降	2084	10	22	18	55	28
立冬	2084	11	6	19	13	5
小雪	2084	11	21	17	1	14
大雪	2084	12	6	12	30	44
冬至	2084	12	21	6	40	49
小寒	2085	1	4	23	55	51
大寒	2085	1	19	17	23	11
立春	2085	2	3	11	29	24
雨水	2085	2	18	7	19	7
驚蜇	2085	3	5	5	10	2
春分	2085	3	20	5	53	6
清明	2085	4	4	9	27	51
榖雨	2085	4	19	16	22	21
立夏	2085	5	5	2	12	35
小滿	2085	5	20	14	58	32
芒種	2085	6	5	5	54	9
夏至	2085	6	20	22	32	24
小暑	2085	7	6	15	55	53
大暑	2085	7	22	9	19	1
立秋	2085	8	7	1	49	0
處暑	2085	8	22	16	35	58
白露	2085	9	7	5	7	1
秋分	2085	9	22	14	43	4
寒露	2085	10	7	21	19	59
霜降	2085	10	23	0	39	44
立冬	2085	11	7	1	7	10
小雪	2085	11	21	22	46	47
大雪	2085	12	6	18	26	37
冬至	2085	12	21	12	28	18
小寒	2086	1	5	5	53	14
大寒	2086	1	19	23	11	11
立春	2086	2	3	17	25	59
雨水	2086	2	18	13	4	55
驚蜇	2086	3	5	11	3	26
春分	2086	3	20	11	34	51
清明	2086	4	4	15	17	11
榖雨	2086	4	19	22	0	6
立夏	2086	5	5	7	58	29
小滿	2086	5	20	20	34	13
芒種	2086	6	5	11	38	14
夏至	2086	6	21	4	9	11
小暑	2086	7	6	21	39	39
大暑	2086	7	22	14	59	15
立秋	2086	8	7	7	33	1
處暑	2086	8	22	22	20	28
白露	2086	9	7	10	52	0
秋分	2086	9	22	20	31	48
寒露	2086	10	8	3	6	39
霜降	2086	10	23	6	31	44
立冬	2086	11	7	6	55	17
小雪	2086	11	22	4	40	28
大雪	2086	12	7	0	15	28
冬至	2086	12	21	18	22	15
小寒	2087	1	5	11	42	9
大寒	2087	1	20	5	4	50
立春	2087	2	3	23	14	46
雨水	2087	2	18	18	58	15
驚蜇	2087	3	5	16	51	33
春分	2087	3	20	17	27	55
清明	2087	4	4	21	4	5
榖雨	2087	4	20	3	53	23
立夏	2087	5	5	13	44	17
小滿	2087	5	21	2	28	36
芒種	2087	6	5	17	24	5
夏至	2087	6	21	10	5	35
小暑	2087	7	7	3	27	34
大暑	2087	7	22	20	57	51
立秋	2087	8	7	13	23	55
處暑	2087	8	23	4	19	16
白露	2087	9	7	16	43	56
秋分	2087	9	23	2	27	55
寒露	2087	10	8	8	57	6
霜降	2087	10	23	12	23	50
立冬	2087	11	7	12	42	47
小雪	2087	11	22	10	28	46
大雪	2087	12	7	5	59	56
冬至	2087	12	22	0	8	6
小寒	2088	1	5	17	24	51
大寒	2088	1	20	10	50	14
立春	2088	2	4	4	57	43
雨水	2088	2	19	0	44	57
驚蜇	2088	3	4	22	36	37
春分	2088	3	19	23	16	39
清明	2088	4	4	2	52	23
榖雨	2088	4	19	9	43	49
立夏	2088	5	4	19	36	19
小滿	2088	5	20	8	19	47
芒種	2088	6	4	23	19	36
夏至	2088	6	20	15	56	20
小暑	2088	7	6	9	25	32
大暑	2088	7	22	2	47	49
立秋	2088	8	6	19	23	11
處暑	2088	8	22	10	9	8
白露	2088	9	6	22	43	32
秋分	2088	9	22	8	17	54
寒露	2088	10	7	14	55	55
霜降	2088	10	22	18	13	20
立冬	2088	11	6	18	40	17
小雪	2088	11	21	16	17	20
大雪	2088	12	6	11	56	18
冬至	2088	12	21	5	55	49
小寒	2089	1	4	23	20	48
大寒	2089	1	19	16	37	50
立春	2089	2	3	10	54	13
雨水	2089	2	18	6	33	26
驚蜇	2089	3	5	4	34	14
春分	2089	3	20	5	6	14
清明	2089	4	4	8	49	59
榖雨	2089	4	19	15	33	9
立夏	2089	5	5	1	31	25
小滿	2089	5	20	14	7	36
芒種	2089	6	5	5	10	6
夏至	2089	6	20	21	42	37
小暑	2089	7	6	15	10	42
大暑	2089	7	22	8	33	17
立秋	2089	8	7	1	4	15
處暑	2089	8	22	15	55	23
白露	2089	9	7	4	23	36
秋分	2089	9	22	14	6	34
寒露	2089	10	7	20	37	34
霜降	2089	10	23	0	4	59
立冬	2089	11	7	0	24	24
小雪	2089	11	21	22	11	33
大雪	2089	12	6	17	42	33
冬至	2089	12	21	11	51	42
小寒	2090	1	5	5	8	17
大寒	2090	1	19	22	34	16
立春	2090	2	3	16	41	51
雨水	2090	2	18	12	29	30
驚蜇	2090	3	5	10	21	5
春分	2090	3	20	11	1	34
清明	2090	4	4	14	35	48
榖雨	2090	4	19	21	28	0
立夏	2090	5	5	7	16	19
小滿	2090	5	20	20	1	43
芒種	2090	6	5	10	54	33
夏至	2090	6	21	3	35	34
小暑	2090	7	6	20	56	11
大暑	2090	7	22	14	25	8
立秋	2090	8	7	6	52	23
處暑	2090	8	22	21	46	49
白露	2090	9	7	10	15	26
秋分	2090	9	22	19	59	1
寒露	2090	10	8	2	33	20
霜降	2090	10	23	5	58	59
立冬	2090	11	7	6	22	17
小雪	2090	11	22	4	5	30
大雪	2090	12	6	23	39	26
冬至	2090	12	21	17	43	15
小寒	2091	1	5	11	1	32
大寒	2091	1	20	4	21	45
立春	2091	2	3	22	30	24
雨水	2091	2	18	18	12	36
驚蜇	2091	3	5	16	5	55
春分	2091	3	20	16	41	34
清明	2091	4	4	20	19	44
榖雨	2091	4	20	3	7	14
立夏	2091	5	5	13	2	40
小滿	2091	5	21	1	42	20
芒種	2091	6	5	16	45	4
夏至	2091	6	21	9	18	38
小暑	2091	7	7	2	50	29
大暑	2091	7	22	20	11	11
立秋	2091	8	7	12	49	5
處暑	2091	8	23	3	35	57
白露	2091	9	7	16	13	2
秋分	2091	9	23	1	50	33
寒露	2091	10	8	8	31	1
霜降	2091	10	23	11	52	11
立冬	2091	11	7	12	20	19
小雪	2091	11	22	10	0	0
大雪	2091	12	7	5	38	7
冬至	2091	12	21	23	38	14
小寒	2092	1	5	17	0	24
大寒	2092	1	20	10	16	8
立春	2092	2	4	4	28	26
雨水	2092	2	19	0	5	37
驚蜇	2092	3	4	22	2	14
春分	2092	3	19	22	33	16
清明	2092	4	4	2	14	11
榖雨	2092	4	19	8	59	0
立夏	2092	5	4	18	55	53
小滿	2092	5	20	7	36	9
芒種	2092	6	4	22	37	20
夏至	2092	6	20	15	14	40
小暑	2092	7	6	8	40	33
大暑	2092	7	22	2	7	24
立秋	2092	8	6	18	35	37
處暑	2092	8	22	9	29	58
白露	2092	9	6	21	55	49
秋分	2092	9	22	7	41	30
寒露	2092	10	7	14	11	16
霜降	2092	10	22	17	41	26
立冬	2092	11	6	18	0	29
小雪	2092	11	21	15	50	12
大雪	2092	12	6	11	20	41
冬至	2092	12	21	5	31	37
小寒	2093	1	4	22	46	39
大寒	2093	1	19	16	13	23
立春	2093	2	3	10	18	12
雨水	2093	2	18	6	5	46
驚蜇	2093	3	5	3	54	1
春分	2093	3	20	4	34	14
清明	2093	4	4	8	5	51
榖雨	2093	4	19	14	58	12
立夏	2093	5	5	0	45	55
小滿	2093	5	20	13	31	44
芒種	2093	6	5	4	26	12
夏至	2093	6	20	21	6	47
小暑	2093	7	6	14	30	15
大暑	2093	7	22	7	57	4
立秋	2093	8	7	0	27	20
處暑	2093	8	22	15	18	7
白露	2093	9	7	3	49	20
秋分	2093	9	22	13	28	37
寒露	2093	10	7	20	5	38
霜降	2093	10	22	23	27	59
立冬	2093	11	6	23	55	24
小雪	2093	11	21	21	37	16
大雪	2093	12	6	17	16	55
冬至	2093	12	21	11	20	28
小寒	2094	1	5	4	44	37
大寒	2094	1	19	22	3	42
立春	2094	2	3	16	16	41
雨水	2094	2	18	11	55	39
驚蜇	2094	3	5	9	51	4
春分	2094	3	20	10	21	17
清明	2094	4	4	13	59	39
榖雨	2094	4	19	20	40	34
立夏	2094	5	5	6	35	21
小滿	2094	5	20	19	9	18
芒種	2094	6	5	10	11	35
夏至	2094	6	21	2	42	1
小暑	2094	7	6	20	13	38
大暑	2094	7	22	13	34	4
立秋	2094	8	7	6	11	16
處暑	2094	8	22	20	59	58
白露	2094	9	7	9	35	42
秋分	2094	9	22	19	16	16
寒露	2094	10	8	1	54	57
霜降	2094	10	23	5	19	53
立冬	2094	11	7	5	46	21
小雪	2094	11	22	3	30	35
大雪	2094	12	6	23	7	44
冬至	2094	12	21	17	13	2
小寒	2095	1	5	10	34	42
大寒	2095	1	20	3	55	27
立春	2095	2	3	22	6	44
雨水	2095	2	18	17	47	43
驚蜇	2095	3	5	15	41	39
春分	2095	3	20	16	14	40
清明	2095	4	4	19	50	32
榖雨	2095	4	20	2	35	38
立夏	2095	5	5	12	25	33
小滿	2095	5	21	1	5	33
芒種	2095	6	5	16	0	3
夏至	2095	6	21	8	38	34
小暑	2095	7	7	2	0	39
大暑	2095	7	22	19	30	38
立秋	2095	8	7	11	58	19
處暑	2095	8	23	2	56	2
白露	2095	9	7	15	23	7
秋分	2095	9	23	1	10	49
寒露	2095	10	8	7	42	8
霜降	2095	10	23	11	12	27
立冬	2095	11	7	11	32	18
小雪	2095	11	22	9	20	42
大雪	2095	12	7	4	51	15
冬至	2095	12	21	23	0	32
小寒	2096	1	5	16	15	36
大寒	2096	1	20	9	41	14
立春	2096	2	4	3	46	32
雨水	2096	2	18	23	33	40
驚蜇	2096	3	4	21	22	50
春分	2096	3	19	22	2	38
清明	2096	4	4	1	35	23
榖雨	2096	4	19	8	26	22
立夏	2096	5	4	18	15	19
小滿	2096	5	20	6	58	13
芒種	2096	6	4	21	54	4
夏至	2096	6	20	14	30	30
小暑	2096	7	6	7	56	16
大暑	2096	7	22	1	19	10
立秋	2096	8	6	17	53	4
處暑	2096	8	22	8	41	15
白露	2096	9	6	21	16	39
秋分	2096	9	22	6	54	26
寒露	2096	10	7	13	35	1
霜降	2096	10	22	16	55	59
立冬	2096	11	6	17	25	32
小雪	2096	11	21	15	5	10
大雪	2096	12	6	10	45	30
冬至	2096	12	21	4	45	55
小寒	2097	1	4	22	10	33
大寒	2097	1	19	15	26	55
立春	2097	2	3	9	41	40
雨水	2097	2	18	5	19	19
驚蜇	2097	3	5	3	17	59
春分	2097	3	20	3	48	6
清明	2097	4	4	7	29	54
榖雨	2097	4	19	14	11	0
立夏	2097	5	5	0	7	52
小滿	2097	5	20	12	41	42
芒種	2097	6	5	3	43	24
夏至	2097	6	20	20	13	5
小暑	2097	7	6	13	41	5
大暑	2097	7	22	7	0	41
立秋	2097	8	6	23	32	35
處暑	2097	8	22	14	21	49
白露	2097	9	7	2	52	33
秋分	2097	9	22	12	35	32
寒露	2097	10	7	19	10	36
霜降	2097	10	22	22	39	29
立冬	2097	11	6	23	3	34
小雪	2097	11	21	20	52	25
大雪	2097	12	6	16	27	27
冬至	2097	12	21	10	37	7
小寒	2098	1	5	3	56	8
大寒	2098	1	19	21	20	38
立春	2098	2	3	15	28	41
雨水	2098	2	18	11	13	5
驚蜇	2098	3	5	9	3	41
春分	2098	3	20	9	40	8
清明	2098	4	4	13	12	57
榖雨	2098	4	19	20	1	26
立夏	2098	5	5	5	48	33
小滿	2098	5	20	18	31	17
芒種	2098	6	5	9	23	4
夏至	2098	6	21	2	2	40
小暑	2098	7	6	19	22	2
大暑	2098	7	22	12	50	40
立秋	2098	8	7	5	16	12
處暑	2098	8	22	20	11	21
白露	2098	9	7	8	38	22
秋分	2098	9	22	18	23	54
寒露	2098	10	8	0	57	37
霜降	2098	10	23	4	26	36
立冬	2098	11	7	4	50	21
小雪	2098	11	22	2	37	48
大雪	2098	12	6	22	12	36
冬至	2098	12	21	16	20	31
小寒	2099	1	5	9	38	59
大寒	2099	1	20	3	2	0
立春	2099	2	3	21	9	12
雨水	2099	2	18	16	52	20
驚蜇	2099	3	5	14	42	19
春分	2099	3	20	15	17	24
清明	2099	4	4	18	51	7
榖雨	2099	4	20	1	37	38
立夏	2099	5	5	11	28	45
小滿	2099	5	21	0	8	0
芒種	2099	6	5	15	7	27
夏至	2099	6	21	7	41	19
小暑	2099	7	7	1	11	22
大暑	2099	7	22	18	32	37
立秋	2099	8	7	11	9	53
處暑	2099	8	23	1	56	46
白露	2099	9	7	14	33	51
秋分	2099	9	23	0	10	46
寒露	2099	10	8	6	51	53
霜降	2099	10	23	10	12	35
立冬	2099	11	7	10	42	19
小雪	2099	11	22	8	22	17
大雪	2099	12	7	4	2	57
冬至	2099	12	21	22	4	1
小寒	2100	1	5	15	28	59
大寒	2100	1	20	8	45	35
立春	2100	2	4	2	59	58
雨水	2100	2	18	22	36	58
驚蜇	2100	3	5	20	34	14
春分	2100	3	20	21	3	22
清明	2100	4	5	0	43	30
榖雨	2100	4	20	7	24	54
立夏	2100	5	5	17	20	37
小滿	2100	5	21	5	56	58
芒種	2100	6	5	20	57	49
夏至	2100	6	21	13	31	53
小暑	2100	7	7	6	58	44
大暑	2100	7	23	0	23	38
立秋	2100	8	7	16	53	46
處暑	2100	8	23	7	47	20
白露	2100	9	7	20	14	59
秋分	2100	9	23	6	0	10
寒露	2100	10	8	12	30	54
霜降	2100	10	23	16	0	24
立冬	2100	11	7	16	19	47
小雪	2100	11	22	14	8	55
大雪	2100	12	7	9	39	49
冬至	2100	12	22	3	50	35